version https://git-lfs.github.com/spec/v1
oid sha256:c0e88bc4827d427348830653983e139b0e015466c3d64bc16b85451ffda40858
size 3118614
